69786
119680
57664
91626
31021
139865
105489
27524
100720
102944
147678
144023
179966
90054
3805
28816
19767
34144
186429
156146
98182
109896
68024
180587
117695
163983
181689
128945
144353
-3709
147999
-1106
79494
99278
-9970
181459
88428
-8917
173707
147006
-4778
183687
12729
105097
16488
-814
81153
12580
39741
173024
140049
156049
120830
181188
83329
-3265
67568
36250
107122
54666
127201
26510
119023
99189
27502
130589
113090
122657
129812
56737
117387
146723
17712
135131
119252
31862
60681
174776
6388
55352
84868
129467
4818
170598
105427
144063
90940
97139
185914
162089
90300
109439
148169
57885
26725
181645
-1542
40192
59489
170759
186161
117151
39456
95210
147823
7425
185131
-1002
61675
130420
131314
60371
133085
52547
125561
-3675
104589
94912
102182
28686
179929
146662
61361
67085
148912
173012
75955
88550
156597
69726
182337
106945
71891
128465
98707
140868
107435
97022
178430
20159
104526
25210
59370
76934
92347
118779
131853
30470
41021
6886
80020
151891
87749
23913
159071
5353
24422
43757
165252
2594
132168
174523
21122
100474
86222
50237
59471
17831
69459
19257
171122
74055
70033
86765
-8606
12415
77716
82683
147311
60679
19521
175610
10810
1623
30267
45703
99415
6094
96367
842
105147
24494
182399
85376
14812
92379
127195
11147
39850
165907
129433
162580
12521
17623
29863
185029
90642
44093
183308
162308
159641
-2495
39478
182933
146501
161938
139319
91504
4375
75765
29200
47415
170201
95289
10980
22397
189908
88200
128336
184763
29940
148398
75691
169895
64913
37773
-2125
98910
-6430
77700
132995
141195
36992
52973
25958
43314
-9457
173669
72555
180412
5674
66585
71579
63444
98704
174964
137108
175625
155029
146285
46532
188913
100493
-9632
109071
68654
185392
71304
126359
21704
96488
17424
176006
31267
181849
20905
51546
24827
166568
120860
122476
42154
54097
129357
97117
138263
-328
68283
152489
-486
17026
56485
77874
132046
108667
129544
61348
130663
53402
162867
94153
181785
67360
30553
92801
165275
121026
161016
82360
155566
132295
44047
123837
127565
-8234
48270
38412
111077
174829
5191
88187
63707
78064
84619
107762
57030
155120
118596
124701
165312
182903
11348
11522
78764
128424
164960
92433
63869
132546
181335
113085
78848
166206
105109
181887
173530
86711
140276
175241
175482
87917
17816
133869
11908
12673
118506
83926
2003
169581
61656
30346
89209
111731
32873
81654
86299
-9047
45850
136676
38174
92899
54558
150855
69193
11205
95986
53920
118541
126037
72145
122517
166749
50161
29909
100313
104923
171022
58759
81020
122613
36935
144599
19548
184439
20365
158293
23453
182960
154614
92451
33408
179022
65381
11366
153335
106963
130134
152215
107100
83950
-8961
-5850
145315
79923
43230
112643
8342
79496
40970
75965
123564
150538
5616
22002
144939
189872
131980
143915
86158
94968
38894
132068
-3394
135850
53302
172634
119499
137184
7458
108865
-7343
-4581
140927
142184
98356
52218
-3103
99735
182695
123459
112024
21666
127052
3543
20702
141846
32831
54034
87273
52415
8303
4695
71601
169672
45451
52051
164396
114228
182787
105449
35127
63004
-2222
131834
104579
79588
-3126
81884
18660
135203
186008
140015
115720
61702
114348
182231
71953
184816
144781
125537
96617
74855
55963
54341
63941
6861
-8638
96290
118018
117595
2992
180258
91198
165039
52492
56204
111094
78113
815
117340
120832
171304
181992
68766
107949
183251
24907
109604
186374
125815
19096
129167
-8779
108668
155611
92782
184294
176761
47204
98781
128511
63308
66941
2229
63110
111683
176674
130051
186438
128846
125266
28900
187711
88072
68492
30976
87333
130935
136833
144548
20475
31772
2471
98837
142
67977
145490
67009
37558
86183
102111
2383
69230
71620
26926
88836
123211
-7064
150554
117579
130970
160093
87938
140997
13197
166547
39075
148403
66342
78538
128403
128682
126321
54870
16954
85607
184209
59531
-6263
102804
155996
103753
172213
103899
149123
19978
63652
134205
148819
180634
33445
97998
138318
150320
158655
114930
102288
52487
159353
75682
74407
141283
85165
68058
30815
114870
155639
73019
81304
77235
26149
101067
129408
184917
97124
20258
100290
20159
4876
1741
56968
-5076
164209
15648
71107
112644
170852
46506
56507
62969
32917
158367
80926
62064
156408
132590
33286
161151
151982
99971
160654
159993
-1068
115958
53101
183666
22442
59674
132057
59052
144431
85384
90891
108042
140883
6286
144171
124000
128754
182594
55071
188041
66880
73927
163104
138821
151668
179545
118637
38358
-5476
180916
79473
183601
98990
58224
63497
71613
9273
164245
186824
170849
176765
140857
109057
122984
116507
22899
36790
49438
166983
161993
181558
133686
150552
62436
85501
63853
174183
165342
9532
8449
53537
72215
96136
149153
13623
123504
67631
91566
183914
163699
85651
9019
151981
-8126
1393
164111
89141
-8053
69277
119133
6189
163078
-7055
-7539
12012
-4730
122571
32707
52205
28893
176847
34406
83771
4431
175530
44097
105641
43143
97334
160235
73739
162469
20423
183786
172069
42972
5094
181366
71342
168643
-2837
180011
169142
118744
85231
112308
61921
14024
24232
178111
69972
165583
60342
100164
128871
131794
15850
130163
124381
164365
182173
76980
173147
166845
93060
38990
42465
154106
70456
43665
97790
93757
185575
-2020
128210
24976
89208
187923
76919
130232
94032
159607
61836
146850
121596
156285
82202
9624
143339
32906
113605
125843
62774
140150
10082
187056
63469
69916
151482
33484
58086
110409
94641
33749
47776
167744
-5545
74583
97383
160886
140193
-1636
91008
19525
83857
115391
68034
-1757
96186
131919
46102
116465
52255
-7746
175606
139541
-7839
74234
33610
159719
157398
216
168578
92423
176883
102238
6664
17511
153414
138607
51918
68302
182356
16718
188377
166505
77660
53418
44141
-8840
96734
19906
120815
129237
14619
164704
32838
164494
128854
9266
65824
172150
100048
35973
15560
57180
72552
115127
93381
144009
154305
46993
-9841
95996
108654
132975
89379
176018
125003
153161
132104
145198
185836
108927
50732
41077
79333
2926
159762
86111
56353
-5200
512
186317
53210
143936
20262
176847
11530
90886
32720
84089
165968
111078
133267
140748
145115
39025
78903
177679
56132
137529
175207
38967
130468
39786
130863
58661
65370
133259
1666
88349
126302
99975
73520
118037
170338
13081
6967
92659
126601
84780
101554
45649
12266
41125
68319
46299
19424
115804
102009
8017
70202
16807
92182
136010
58144
51739
45863
1236
43389
105119
51254
186228
184074
40011
72727
103352
57338
180300
43784
41063
163174
188767
86728
148914
47537
126224
161565
18836
41024
18312
7885
142930
80376
30168
144055
9796
126488
90650
126615
174860
101469
183401
70523
172051
95532
119243
67152
189048
75977
63831
77962
176809
34158
73461
3836
68572
42988
146638
139300
159524
139803
7349
48545
40778
52085
77842
16437
62716
140628
55543
85429
106214
113919
97279
9533
31460
53403
66615
75839
56738
19527
97258
76922
75607
10587
149609
122552
145811
105007
127120
49764
138063
96410
44715
156101
74046
127391
151141
92213
23251
6112
85111
115743
-9390
148208
46707
21282
132164
34117
123827
-1264
58664
33414
174464
66010
98937
175966
131338
69027
153676
78630
72122
10659
79230
123039
70257
17403
29571
12058
43595
145824
36118
-2923
186227
112539
2946
179726
61801
113106
93851
70902
67401
5581
25013
101745
166466
61805
174353
79169
22393
77935
145573
-5131
116359
158147
79811
184269
52726
9971
9036
126543
107888
185688
90921
179461
90500
20683
47845
182609
-5521
-6712
183610
55680
144175
71073
74185
41049
73187
110383
-9662
-181
34428
18271
113433
14849
83780
71123
161797
101072
89015
47170
126850
136159
37821
26510
87957
101911
181883
94864
31096
63246
80359
126168
171018
52702
19358
159950
179068
86257
177188
51149
63790
137649
66388
185393
69037
182270
41955
160884
33100
183769
84195
77872
-4512
111910
85763
83513
-5816
154878
131539
3182
28747
112726
52355
-6998
142878
86511
64386
111924
92427
171710
170272
187220
140773
163666
10549
156373
177382
145283
55789
180656
53116
26565
179605
33719
89084
37258
114383
37705
37996
153780
20208
72602
126027
52441
116647
147091
91631
156606
114096
-960
47621
37
29509
34104
26815
12352
65059
-5784
91432
4185
14637
168527
163881
160559
43265
159957
223
161923
167674
34684
77211
72260
113545
91983
100981
2214
64309
18593
173618
5068
34989
79042
109480
188878
101048
11491
136602
39932
45917
164627
100844
138588
43827
160331
163761
144204
157221
85385
37768
35589
-9594
166380
108348
32892
79038
-653
28992
-9916
135206
185088
148267
38312
28807
30487
116626
149553
129796
174609
90940
121278
178222
8127
32854
52603
70979
32571
185765
27588
94384
110794
49799
42130
15860
143447
-1994
118608
100522
94390
133115
42205
28854
153341
93615
15761
73997
172354
20059
35472
70625
-1154
148438
179030
172311
-6918
139757
177767
48230
176531
128813
147628
139928
134164
103761
43543
11397
69064
39538
28539
132022
58153
41858
110538
45779
47424
38279
149094
3721
128901
-7694
5249
77595
132621
65637
91582
51610
151562
13621
86834
169212
99483
152942
136381
31677
180959
147215
67328
126867
90600
26349
-4962
88528
7533
96650
174804
31693
27403
953
8649
184871
92743
84700
36215
172720
181281
129973
24497
57082
87899
105214
170630
46838
43412
122046
91609
166331
135130
79907
179421
56868
55401
188178
1991
-613
-9770
-7362
153391
88751
187900
160019
15016
61745
64413
-3036
86205
79940
22541
53175
170031
98238
70724
134794
164957
121687
147493
76040
73193
181960
141318
15110
60054
130217
140838
15302
110621
81764
95905
40742
1164
158136
128240
49157
44693
38104
74651
13680
39337
35091
-6421
22759
1972
178349
159281
132806
81833
61353
188150
66976
70149
187961
132188
21890
65326
124421
57128
38753
47129
176669
10678
16167
155138
159705
19972
102355
6066
142509
9471
96973
-1823
158390
61137
3845
118330
164442
84032
30599
129734
22826
51514
134534
90499
101686
129677
112435
24359
59511
65841
121418
29774
62381
73728
123064
79810
29287
-4320
68739
-4671
100937
174125
62429
112824
152822
143895
178406
1065
188497
121728
-4377
170679
138210
-8468
182083
145122
92432
170443
179494
147721
157545
34652
57372
35354
61028
16796
185910
149497
173286
93504
173638
12316
175983
16541
67219
141334
113126
19569
170207
69502
22757
1664
36831
16376
119273
109583
82644
83848
188752
72232
17817
72679
188453
151661
61996
16365
-8890
7083
173526
95271
16563
60927
137185
153257
121630
53367
185252
176416
75991
127178
15841
155192
177332
47172
129128
13491
57341
139284
10452
71905
161215
104088
146845
-6868
170508
104778
168922
156739
-4281
104722
3191
74349
136942
13497
109667
32922
53217
155908
135294
54105
87544
114190
167375
120456
58084
74678
556
134361
45360
86898
63126
143040
51280
185254
118901
120166
22194
23093
31266
138625
32072
131867
53799
94546
83045
76990
86943
156369
52070
28431
149195
113744
111040
125352
41103
155810
77755
5746
73687
173376
122803
189107
135072
140432
76870
98360
161166
114590
9545
30727
55744
93048
164728
137434
45547
157668
174391
119513
-9360
170280
137948
80443
65993
179019
123277
55975
-6485
127006
53706
123998
101675
69466
157204
78079
-2544
-9659
188854
174892
43557
174186
102127
74751
184431
68367
101536
137773
128272
175104
63240
37678
53375
52741
140743
159306
-7216
66875
171511
184937
144752
182975
33591
44358
54513
111755
92024
69643
154088
165636
-8761
91000
115981
186412
147008
154472
134014
9197
76907
38912
79670
138178
140880
88698
82758
155632
65203
179863
176229
8416
157929
111070
184840
67627
144701
83121
167169
136827
52181
97210
92085
44514
134504
143092
93138
110187
188919
-9080
-9932
57580
150915
8914
24024
-8389
175810
83806
5446
61260
171356
71312
56820
20500
43264
143535
189634
32780
16359
180727
139081
121334
123909
143858
17187
80020
87533
69389
141039
175436
44388
68048
127164
119234
164544
180111
146405
141500
10250
45416
35772
61530
107206
29214
36336
-6988
131500
136417
87393
81394
151209
172656
-6071
150554
127247
97088
79279
104085
122972
130056
-3922
14639
152732
24753
16034
7564
183537
64746
63356
28224
172598
35134
158100
-2248
123894
6974
87428
95317
157587
97356
16869
31495
94952
150446
-2153
-9226
139756
90937
71042
51840
92429
27069
23369
88195
58664
29265
162184
-1216
75761
159724
153745
-928
59386
99354
160531
1919
123786
20783
42342
74668
75876
13539
14083
129773
34301
128388
92010
122695
103497
23722
24945
142897
87151
174297
179250
114765
104409
54373
99806
110880
106339
41927
74031
105321
37516
104647
79640
80768
55613
55253
50717
11864
153110
94691
35197
48346
58637
91583
27190
94941
117415
562
46934
171005
24551
121640
1801
132093
114514
127664
5403
94384
177907
133558
80948
81050
114196
81510
73611
58658
135297
125432
152380
173924
167592
1751
142107
157533
123704
83998
95985
108244
90244
126766
154329
104011
108581
46217
47608
82851
125411
177303
-6270
132652
-1515
71982
136823
164986
45106
42267
45548
58045
54089
79256
94824
10273
155820
-405
186275
166821
-9019
148467
36652
89330
45528
94533
156152
135521
48873
26052
22626
101483
79985
101174
109214
7859
-5933
122162
118218
98015
61754
80064
155502
21578
101117
44807
16435
134586
154210
33032
61068
115832
68591
-2926
56793
2927
-8729
75832
71614
71656
148939
53164
134767
90562
7935
130384
82526
126585
-4838
-8930
25139
97178
170333
27164
56912
103734
18365
68613
134792
53084
-7707
11359
35524
8146
-9311
44448
61720
69539
55908
-7480
135311
-2500
89053
3282
47160
86525
131389
177256
40209
127296
160280
126625
-4951
112823
125370
104973
37212
82299
127514
151643
183755
133244
28389
9779
38560
173643
86737
54370
43404
169455
125554
97796
186101
163567
59322
158417
154067
12250
45384
26617
175903
175187
10220
41087
126270
25893
163929
144903
105884
54566
-4024
-8608
39818
73821
21219
74855
159885
59834
13295
7021
-8484
5724
108220
115164
74690
69553
2756
18640
108550
80217
132977
21057
117152
154435
148556
71373
161230
44089
61390
92717
130249
106326
75709
181977
32910
138913
161200
81610
23287
89938
-9549
172866
132274
185900
108979
106161
-9804
27304
113306
20390
-5652
23815
84521
12983
117007
55041
101573
47705
52652
31588
9348
160182
63790
1791
-6527
147179
48536
53291
50359
109517
166277
167213
108502
16959
67267
134523
4333
93082
157757
87533
26030
83299
127086
106452
146699
-8802
27676
100075
157576
93213
134781
9153
21377
127867
145754
87138
93119
159303
123720
42661
18097
183234
95021
101031
136741
99778
148855
37866
19903
8223
106604
13013
120505
180376
21412
148141
168169
46086
18904
151640
87204
160007
108425
145289
54195
136648
108693
67076
123431
-7365
14227
98124
134898
86806
162281
11690
122476
39791
72651
138009
131379
86167
70185
140155
157720
132995
188449
73457
168221
85235
67355
120470
108946
66143
98021
26661
63092
-7192
172610
105840
76502
105587
107847
80483
179000
31200
170632
57753
39029
-6815
66198
150675
36990
26610
-8128
8028
69896
96849
-7786
52031
2885
176721
169528
137686
44480
101680
33931
124192
-6054
151433
34003
167895
89192
59403
-9916
-8096
17053
86097
58403
104086
166373
55264
91115
108718
30576
67023
112035
109572
93926
-3415
70499
156275
91263
50836
67387
97535
150773
-5998
78416
32773
107801
36784
10521
41810
-9988
184079
34903
55131
27227
3803
21080
25462
18315
166823
120681
56462
-4334
111330
104027
86926
79248
154457
170490
156915
108837
42355
107030
17124
44702
153759
114684
153164
44289
35930
138304
100066
40789
84862
157925
159949
129632
93464
54019
109232
185026
58625
132835
73373
160428
3985
82910
3996
162518
146310
104755
149755
3053
169354
143592
44535
30160
47470
1987
176103
60576
182623
43486
37711
174030
185912
20558
98407
75307
55775
294
173378
34160
121107
178681
42434
-9623
-7857
180060
106536
110540
21763
180916
184272
162178
18898
17415
13197
95593
128498
156606
47198
77583
63401
71950
88188
74364
180603
136990
66409
156144
16929
58273
98994
125298
188115
105664
-1647
139653
92041
-3088
147660
23593
33350
111948
10516
3366
87513
169111
157763
154653
95621
764
176667
132473
116769
69823
113228
175410
112536
53845
25125
4743
151962
73580
51408
45152
140948
9398
7044
34437
101782
41406
87195
82746
177633
39320
7464
60486
-8312
107027
161099
4947
34741
60758
112120
129100
76144
138567
115881
130505
164343
188888
55363
49539
71179
4832
32044
23700
-6649
155856
14161
150391
114866
105853
53258
33903
59038
179849
151253
52487
153003
21324
-9704
105471
34285
180132
58702
5883
92622
20487
143574
105285
148702
123517
31271
54596
-7908
136504
25136
727
21567
-7772
159646
139901
-7575
32692
163699
39298
67314
50188
179807
183865
4814
108458
104692
154633
51687
75074
92005
18385
-9318
93231
13099
171472
74428
80998
66010
85813
47690
12809
7622
112821
86121
17480
132693
165100
74509
52918
143254
20868
99071
62573
92990
109708
91759
142779
117834
189499
11143
151762
98386
41676
134895
170342
4567
3244
61729
-2559
167486
79979
126284
89648
111741
38914
85504
34845
44771
46660
84665
128684
11769
107690
107966
80262
78077
61329
47161
37112
138296
142803
63749
63903
12101
11903
112081
164394
128622
72094
11379
38439
130251
158291
81545
5750
91421
26205
128931
182757
99488
187522
66789
131674
60042
182245
-219
110799
85764
180026
3420
17937
93329
100165
33243
131041
127519
122912
87598
103606
170814
142582
78563
54185
92790
146214
116838
52398
187804
3546
-6990
2085
68611
80634
84513
43504
75056
38034
176659
45594
68299
1511
80647
120646
17330
161541
127295
186763
174926
143872
146808
38148
13420
100068
75912
105348
73563
98075
1637
148604
141943
12923
167487
143370
31520
163497
41551
43680
189344
35577
95176
-8990
839
-2311
91039
-4530
125452
73110
99068
113087
73729
15367
21919
151182
-7508
90632
85268
189996
49770
151048
-2870
102107
2130
1595
113172
103502
147021
114910
153717
120294
45599
155505
16078
43512
8134
135478
31464
39278
47573
83437
69521
40408
171939
30421
86616
71079
133577
151734
62644
135866
7901
157360
-6891
9456
158858
153661
1424
70395
64537
117633
72178
158432
133932
103694
150180
137261
78236
68199
19083
162079
29023
76663
156039
102504
-3781
23921
142844
151843
90989
149070
116645
119019
138615
52125
91838
27011
28927
70927
57795
21604
44461
165536
76425
104008
136519
23837
152993
139595
117281
90563
178650
182441
56513
27822
64038
165401
180924
110654
142934
79752
41072
131949
174189
35110
100758
153164
10328
184773
57780
6754
138985
105322
69595
160022
101345
147172
144419
148404
68593
52703
69425
171615
164332
103861
100035
24017
41987
77686
587
149355
136744
150422
99894
167258
122824
5234
27114
146293
103368
110224
33524
62375
-35
-4064
66816
183931
159898
185726
151886
30255
107399
124476
137130
87657
81079
129521
114867
50128
31734
-5421
28112
89182
34457
107575
180672
72180
157062
148430
147618
124696
90337
182824
147360
12383
158189
-3619
13152
5783
36353
16806
765
106378
46875
76525
3328
27202
49756
81304
170650
118367
123568
52089
-6491
10815
110182
179833
44801
18014
97940
97738
106219
128878
55262
118903
169483
6395
103263
182567
139380
8229
54038
173837
85647
-3974
127974
187624
164831
98336
39397
33805
163651
64598
165490
31864
112022
163051
77092
156928
-7999
142078
144009
70758
86188
56900
40263
90395
74606
80526
188088
149770
118469
41007
104205
150534
180808
58059
151243
175561
38431
112148
54670
164556
51764
115778
33899
73956
189837
180213
68493
77310
59641
140117
102551
182161
102183
-7780
-6539
120740
83945
-66
3010
27794
120025
160170
67294
107182
-9631
176827
110151
163908
28426
37311
51107
51488
107666
154238
186782
148625
63462
-7160
-7536
107047
13561
150723
11282
118501
94568
39367
84142
101068
66101
17875
69576
165001
169743
100481
82276
1970
134813
125463
80440
160182
147968
181468
72474
-5048
110878
121857
103856
41817
50747
103935
24614
185569
173573
31557
107290
-7383
12013
61540
39353
74076
2620
120942
-8691
157595
174036
104820
3554
119276
-316
177052
151026
50206
101538
155831
136487
50559
102430
134443
39806
158524
70270
181851
133124
75976
154448
174005
-4451
29151
49173
74110
105498
55029
186800
173493
144042
78185
185117
45400
166960
165664
-5170
-208
183164
158303
116566
58687
66929
184596
55854
91500
40037
152768
44153
163209
115202
164659
18701
177213
54521
-5299
135842
-8183
167629
94102
56822
-2338
32362
163369
140203
80824
7366
65203
98756
94050
91475
163071
168988
2429
162623
169914
45948
50298
141959
133523
93111
75503
52091
28278
56922
56817
48900
99077
-5180
50211
103704
98291
134339
184839
113407
122908
26520
175320
135518
120255
19953
42207
186834
102934
-9623
68647
167462
185867
129586
109342
96345
25192
45102
147513
91570
-3586
102879
-7926
34817
185105
78138
166231
77545
86575
-1497
139200
76569
108329
26417
66837
73945
125970
97529
36461
2843
167844
-6560
54665
144886
80466
10188
157306
43927
181646
76397
83522
66873
182803
53759
20342
10088
59687
123908
31119
175543
184445
4492
90400
146718
129374
53875
20949
39432
57712
84599
114600
175937
88903
71964
72376
16619
8739
179493
79642
82638
140994
177432
66355
50229
185378
-1703
101705
99651
72011
102531
180432
115027
106681
28693
134017
127486
151432
134326
23277
106358
51889
171377
98346
25433
93326
48843
29089
134661
132982
73256
166799
150027
79141
56789
179189
62767
11786
9073
66002
45680
1281
59089
114295
171351
102637
124334
98109
96325
63574
81813
140200
88772
121311
-8224
119769
158998
59518
43260
154027
110143
134128
118914
95144
100648
92209
63701
-6390
121254
65244
120376
135592
27237
13154
90053
149920
117624
57935
167379
146180
66364
184658
171336
28872
135188
48501
70727
160791
74560
22672
10794
141578
122112
39058
122577
12031
7887
144492
180295
5394
6824
62125
162661
58736
62477
70135
47286
24051
41051
95370
125555
6471
90359
174115
93505
114541
127125
154959
186952
89324
66789
168806
47892
91570
173922
114604
9443
7996
140224
118288
108427
156265
3030
147085
169421
187830
92831
164016
160482
29879
11683
46000
176658
56382
162240
178532
101844
91322
135094
99171
17375
134105
4023
4977
-7360
116651
39281
20836
73990
149028
48899
48178
120956
166306
59873
29781
188605
102230
166531
171102
-306
45280
-5905
168465
5563
182134
119602
39217
-9798
50364
112045
129753
25937
163038
170105
96996
115100
117250
153482
3832
96006
6024
124796
129464
-6593
108663
17217
60695
111840
83233
40639
30879
38357
85172
185222
68427
41188
34384
109083
76011
167655
86617
75955
85733
176301
-8359
147610
16588
53015
6208
22718
61420
31380
111083
-3504
135081
69111
20708
154992
143946
135752
19371
136906
72679
7504
43708
148113
107187
87913
62361
181740
85005
17963
-7972
120087
110498
90268
126993
17626
140400
95325
131500
75423
169710
4704
64099
90832
148727
175159
82179
151062
44828
158190
179820
48171
92827
120350
83200
76456
99289
-6003
103575
183615
102036
12189
33073
189242
142169
146278
117545
132022
125566
115383
4440
128994
79769
71301
14113
94107
4722
140146
133186
3589
-5068
46431
101081
155184
118379
98627
29561
142737
19814
103217
52573
47637
140596
26898
91188
20523
44373
161415
52849
99031
180817
137452
175199
67248
76815
78451
51538
60228
96593
1849
180002
120900
152236
156002
106924
9780
102321
95591
113327
122927
31132
161136
94712
42718
163072
99446
118860
136887
16018
73417
155403
97561
91338
127656
55914
148814
23359
44375
5759
41914
188850
101206
100742
-3467
156909
10473
161079
102098
25381
103055
95617
44216
127473
-2425
42539
20208
86873
186922
125590
108606
67216
75472
133868
65170
111927
81454
149184
20042
29482
19964
-8293
65647
64547
56730
82007
184355
27120
15137
172543
65073
154665
171969
126395
16188
4371
11785
45724
151835
138829
36592
140149
111229
25294
3760
70138
37645
33509
112668
9728
14278
-6771
93155
100590
189034
86801
162139
174933
49798
-4904
6843
139069
79955
53624
-7630
88140
94130
44287
182164
152057
97586
48287
6269
54657
57807
183054
171820
73924
148099
64330
99847
69643
120166
102085
56445
-4874
98299
34034
176123
153295
64025
136103
150587
114238
165405
112386
83863
163583
15322
-7036
66272
116911
105957
130024
133526
121148
16789
112929
50852
156
21121
157708
61381
105053
108501
162643
102498
-2995
-3671
133461
-3759
97258
175502
63637
-308
-3798
162795
120434
102501
-9788
109070
118737
184963
113582
92297
129655
-1621
94235
85741
130878
153825
62079
157503
174565
112876
30889
94677
48792
138033
62584
83109
46792
48607
91125
37208
69953
81065
160520
92568
76785
-1651
12701
74096
154224
55783
85949
177325
173875
183660
52532
36555
135316
169916
125515
11911
120139
131304
162724
180418
35723
17897
186311
25023
57330
5248
96088
141824
-5745
148437
117940
17271
188440
106160
28171
65778
20080
-7047
76853
16536
144305
134011
41523
34432
-7331
68519
32685
127934
110641
137505
82188
139334
158157
187557
40278
80775
75021
87691
-5298
51752
170154
8358
57972
21459
19769
18064
123465
175719
37362
99035
154107
31172
16851
61933
121185
6342
111126
119836
50768
183157
135593
-23
132593
139351
124128
-7815
162350
33976
57623
122394
13493
115741
143295
86116
79856
131555
69146
137683
111443
123766
118573
131197
38223
186257
97178
38539
91635
103725
132091
112251
14633
70425
151559
160129
148865
126161
38551
111977
85834
151528
42237
14863
188177
120850
111101
67478
120818
24110
177189
185687
58311
129685
91728
45816
51841
6669
74082
24280
147892
128567
23828
64602
155999
30586
25510
-8717
106073
93399
34196
8467
119762
172073
116512
134521
19235
16793
64343
10868
120377
94723
12916
137965
10583
-8232
112627
167502
39766
35742
8207
119322
57207
41593
152207
188901
121000
76780
140362
11360
141674
158884
2720
43438
64643
10309
128166
75600
148721
55820
45606
154507
95565
117541
41001
94592
113481
21469
127046
110922
180235
85478
173039
176151
79297
167693
7829
158756
-2480
54605
49255
183454
175396
-6694
142188
73678
130984
22886
118849
180321
120158
81465
63923
73423
183274
152068
100236
120702
15144
86420
-2441
81482
-6337
68608
176770
61985
1899
2356
160559
119938
189667
97683
24839
59073
177415
61412
-8637
47831
78836
162313
80700
57786
120389
122355
99043
84345
21029
17160
32450
97298
121161
94988
82135
91283
13385
72020
22027
163636
174784
149234
143385
143887
22875
70246
96791
149602
55590
72418
92624
32887
185874
98022
146612
149895
123866
141235
58100
185864
77264
147636
67972
83254
28917
152882
16796
128627
3930
144470
-2437
85969
148472
-7166
97688
129772
111417
-5515
46807
82431
-8532
74922
105174
97773
188148
118079
140366
3046
103246
98010
124361
167208
181531
58837
121597
74943
22998
78984
181643
104612
138341
32644
162528
155630
65465
103999
39768
184431
93352
158665
100504
-31
-8221
120011
165799
123206
50178
176591
6948
109869
24211
118679
72097
141644
146942
39437
165716
34441
10083
97894
183878
101756
100602
640
105815
129706
-1424
34248
63557
76785
137517
150739
88222
20216
75064
27195
144253
-7474
136765
22070
144698
168958
159651
113941
87647
110030
108308
30765
43954
52854
127476
88092
26223
94883
3264
30883
33684
108267
74565
93221
154100
77954
91447
33390
177870
101246
153602
73884
-5596
121317
58796
164889
75082
141875
48749
-3311
46645
119832
88062
-1737
27477
122245
148722
116956
189563
97552
45352
131536
105692
51176
100067
126603
62165
99591
95597
118429
126684
62373
65070
60269
135540
135854
131791
106598
2884
86058
128512
35532
72633
75355
98804
34704
183601
2319
169143
11709
154475
66512
113367
39682
188600
87402
141282
621
91489
188855
65440
179448
106770
136801
92180
90496
107540
45308
150817
90728
13068
59107
158883
72424
99081
97548
954
118155
73296
19089
161724
-6161
178085
52880
99254
125168
37327
174139
-8881
62314
161530
164509
7600
171262
63012
-8512
42298
175202
72832
115803
84101
72713
120265
58785
135675
99292
-8240
62126
103542
189951
29598
179829
178312
39704
71228
184508
26848
151619
73710
8946
45272
56052
140504
70563
115339
149741
118469
178004
63102
51499
-2981
58221
54888
124044
96319
6345
187279
4741
94579
114780
25259
121323
130180
151885
29343
151805
99908
57061
161893
82600
78743
167218
-1282
-9470
34607
133124
67540
-4157
75285
84274
152529
163623
166507
48387
127988
95731
108642
61730
129939
115600
14096
131661
-5187
48584
46226
140717
182702
135639
71694
160849
188711
75998
140397
4316
155745
151124
86631
66170
30954
38766
7828
-1468
31129
121799
49205
102116
117877
103109
45815
140834
127599
107760
31290
176916
169889
177603
124488
66182
185754
38354
93374
100016
-4672
80389
96529
144405
182436
34218
78533
-8744
170038
60809
175473
26544
20092
158798
170704
16962
6146
99685
86793
1866
137260
89724
-1151
-8700
19256
27070
104518
55824
156932
35929
99552
156923
136184
59828
160192
81123
146872
129914
5127
61656
63444
169904
39753
37364
78113
145094
115636
71290
77468
44085
142128
124104
52682
140848
122917
19172
156505
154094
177974
30754
135265
132988
20998
113085
145769
47660
65740
14767
27655
-5318
69243
132077
8778
88586
12921
160113
170081
76563
64147
64608
43224
185330
175004
130121
67912
37748
184220
25342
81481
13772
173581
114934
88332
90477
166793
-6975
176670
57489
30969
-5238
182852
125003
138036
43398
96193
162596
74498
86353
52170
102719
133782
73973
7388
53608
148397
119662
4701
170442
177089
80825
184870
173461
126343
130139
177481
13063
150117
155740
97640
155596
2683
44202
136027
137597
7811
59578
152323
179501
75777
89445
8753
122292
117953
157326
84112
25646
117592
76036
58846
58728
19719
45735
10021
11954
9495
152190
136188
13551
149747
162420
51531
164732
166029
69677
176005
30932
93220
28160
-3870
70660
49470
172736
37369
28153
158456
159407
182344
107987
183061
-4947
90847
177678
21190
14570
38948
44603
42050
114944
141573
95238
315
138733
12682
6589
114766
58098
81765
179340
-5734
84097
91064
132414
143383
8499
2381
41143
37950
37903
96629
162818
156235
113252
179140
88587
10823
156703
-9826
45519
44852
30249
88457
113401
124779
16650
82063
124592
41574
62324
27972
176744
166334
134202
125169
10144
89129
47100
75996
105028
145971
98942
129654
109163
106681
175004
84653
62281
-1622
66028
81800
116013
103969
79514
110082
34006
119682
175002
139304
72490
122318
147430
112892
15176
172133
124124
25038
22047
62713
73534
185125
110564
143062
136871
76044
22336
105658
179703
71707
75611
41792
2153
5252
95510
25292
36905
29020
174608
-6735
15122
-7646
62187
151884
155121
105499
1221
27215
47002
61062
9440
154996
9050
106574
74873
171082
91757
52012
76471
16583
74318
165931
95785
112922
35362
91716
22379
50558
182271
3002
46823
87901
68859
87449
135344
5389
149822
54035
61337
40848
103932
32508
31254
69874
1536
183399
115491
150212
-2543
-8408
121820
274
139089
162021
77286
152990
146727
112989
4167
182434
73044
163327
154642
75867
146454
166
59999
123740
28595
26422
128296
163424
125120
91462
-2716
130511
22057
88906
29486
119652
69568
88252
49231
13608
153322
91882
8785
-1324
154143
164223
88855
61056
4753
162483
2463
74191
179808
140487
79306
102137
143364
92160
140262
114257
135402
100882
40380
12254
99750
-4118
182569
157799
75781
123875
149897
180418
115868
52098
150499
86532
172842
116783
21820
-7173
131515
49477
80540
177972
65885
90276
-468
172640
20749
114964
88936
156318
1864
102907
100187
59711
93523
95988
136697
4453
-4899
148193
61900
42965
90878
155155
60064
131486
-7121
126396
84067
113983
135387
74863
79770
127518
100117
95360
30294
-4753
41294
136982
48391
112693
100426
17915
155519
42393
134365
45867
188088
21902
84652
22998
60834
184356
31950
178376
142354
-5767
134716
182064
138270
178561
183274
186267
124633
32235
117646
130456
81800
45005
41485
57445
39904
160565
125864
176280
135696
136509
162206
163820
80396
115798
164766
12016
109444
-9077
150353
49598
135324
72120
27986
99284
26761
145208
44419
145875
26216
33748
152818
17413
1644
79793
2591
71225
154847
26802
105719
63153
2671
52016
147740
26045
30351
178024
35481
77971
131513
40333
35103
14522
178785
81714
160477
143219
57447
46678
23245
188940
146184
28238
23706
180811
80377
173396
130736
17233
164938
141245
145895
133098
155878
141687
103827
33358
69142
71348
109511
12354
139954
144844
835
88818
168897
175990
116894
126115
111444
-5230
-6057
163484
171311
106938
100838
-7453
53481
58268
45656
22375
129772
179369
25401
93292
8953
171804
153663
14571
114724
71782
111789
12051
81786
7405
127065
140843
50975
105388
73403
54508
-1091
79780
39051
147390
13410
-1736
147975
129429
124232
147379
97901
99210
35970
96286
105757
29687
-5932
147036
28116
174976
138369
20732
86559
45551
56878
48079
128833
134509
-776
147437
51917
22191
18987
37650
178253
82760
166293
143618
134321
132630
79210
-7490
147890
32120
50938
15400
56487
122080
172342
52505
7967
19291
174704
9993
148478
122418
167344
77336
17833
72353
151160
51842
8920
48247
165302
-9175
82931
189172
64036
94409
88364
43665
81780
152624
74147
80865
136148
183121
145774
101768
97983
31323
54989
-6067
10947
1107
156370
58532
46126
-4063
49378
45866
43682
110692
68734
-8600
171287
-6841
175504
50505
64482
98109
27210
141353
129676
46142
63933
41731
126986
116565
67081
56437
18342
188029
172836
33506
21305
175947
120976
124738
136892
189111
1315
164530
-4877
128246
51427
187500
23071
173909
100516
127982
61071
99563
17519
141351
61678
70253
50387
138355
96037
172971
188769
41182
142109
163652
45836
158431
102023
183383
-5193
42450
131328
40779
85387
183355
100249
115762
33478
25573
75148
120690
123116
72359
5418
189702
67347
73102
188458
82242
75007
76678
30559
56669
119498
180609
83562
36432
53561
66454
42444
78656
168458
132782
48784
116528
133988
98983
37892
9008
137762
133735
27884
37943
-5628
15845
25761
150085
124362
105241
125816
112299
73280
78368
108614
45939
31275
3401
16450
40565
49656
14729
64315
1604
81369
60280
-2910
26009
27231
131517
-9369
69134
132050
45117
178543
156890
150741
31123
153667
177577
5737
34982
123899
57518
170052
51986
37595
176402
108938
-8566
125545
15994
177058
160416
161967
30763
131250
22940
75544
4735
76029
71305
177504
49780
5205
144599
33626
81350
32484
134556
82791
83415
46671
12158
9982
131349
46099
74388
123632
114890
74468
160575
163064
131645
3929
18861
46474
90480
45171
8978
163914
89927
12240
115231
140874
147422
57634
80061
53055
91204
49139
74184
97013
145983
47206
13840
176881
131072
13898
80079
53245
123714
154150
103933
66649
277
161353
32267
2189
164405
127031
154395
127163
98293
157669
31001
149520
4692
39392
172462
140976
17861
92116
140453
37622
167381
27325
14173
93144
124557
13480
19522
31504
45422
69447
110064
3966
40350
112093
48324
-229
99839
23961
173335
109034
90939
72404
186464
97599
39037
34634
102258
142504
49078
45085
40919
48805
125989
139573
130970
24512
175869
79522
-676
63922
179342
89674
129811
64477
59103
40029
113744
20789
84869
54730
78853
-9113
181117
40715
178734
177811
22599
137137
-837
152776
173121
35979
132158
132605
65855
25061
90885
102570
153120
22304
101490
91834
31738
41386
11856
84035
181178
129707
8809
84521
49268
162004
97536
-4109
117483
134517
46954
88941
96690
165461
27492
27800
108255
115640
3029
127876
125120
84326
185997
2515
76208
40409
83639
43260
4468
125634
145562
12355
153713
67868
83546
140017
109162
35115
113323
21438
158136
94464
-1006
49683
141997
25547
154596
10708
100841
180489
129586
-8088
59595
186516
58227
112047
24338
50474
-3831
72444
116582
150968
64978
51538
187411
159631
43844
180299
170509
162081
132698
38674
126396
96598
49314
71061
41927
100148
29139
135685
-2361
64783
157793
163539
27336
19255
179566
39594
31964
72220
89889
78281
-8900
74259
120875
44842
180403
8989
139924
21837
19461
141073
41228
63189
176264
85111
33481
12822
17484
186451
159137
-4509
31930
161183
74396
160809
154202
53985
-6177
148314
127460
33520
82989
169089
186854
54507
2231
11360
180261
148462
97265
17355
50107
121415
163335
132511
3859
123778
3812
-9314
111404
-1152
45155
27808
172873
147764
94340
107721
96958
69306
13002
58631
178779
144340
17018
145506
24702
163426
98264
15738
186847
64765
-4718
140889
10742
48402
8604
70699
-649
36042
91634
20836
38898
109214
15780
116957
111200
158012
83613
74022
1566
-2411
155095
166065
56224
118665
168870
169809
114250
47688
164778
66488
-258
90726
78211
116661
-9506
38399
10933
137729
110228
109935
40358
146191
27148
125359
145328
164511
36418
164628
-842
142959
67306
116802
13254
98460
141908
59501
110318
113886
1279
80788
155568
88766
40005
121460
162347
31086
29187
115103
99365
6640
54916
47752
134749
1537
134340
180424
1115
90056
145928
51975
53911
37493
120334
76175
172866
16514
-3173
110121
23459
133111
71263
50650
208
71762
-3668
104515
181726
184364
36513
180798
133317
115524
138496
11781
2750
148272
5086
25334
107430
185307
56472
76802
75047
19727
131867
56462
182111
129477
93459
84282
119021
90214
39097
50628
14197
111830
132282
19621
186133
169982
61833
37321
33471
141223
156074
152982
7129
26123
-1081
148639
17345
127744
109475
68650
24934
79084
40021
88890
155817
95454
2901
148477
111653
160991
164421
40765
28267
115366
144538
20030
177311
-3785
-6183
150355
52654
39301
43656
115953
94956
124452
86962
178654
40109
11558
118531
157297
113177
83138
75279
134538
47124
146431
71258
26139
59264
79266
79074
38960
165134
106648
-8700
19833
94035
19988
-3170
128529
957
2206
135818
173593
121744
33861
177691
138238
68270
47834
12765
77612
51154
179761
97669
187378
156730
175218
120792
40840
149940
16632
124124
88456
176023
4689
68184
94246
138570
22239
81937
150604
34187
126357
41610
21969
66288
137184
323
59257
163857
149309
152946
20543
-2514
49891
46628
169571
118448
132535
57013
153756
122709
47936
79479
152080
110980
130933
96699
120981
137180
20698
-8167
38989
88761
46060
106380
-9670
48021
142966
102647
-6807
160050
76679
43286
152199
133512
38427
37100
16934
177685
155242
26449
11804
159923
41447
104481
12643
178942
41038
98378
62999
168009
155565
85830
22652
59413
132029
173939
58569
76606
19885
125910
108383
91683
-4838
53249
185015
7728
85696
44570
12755
60025
188871
42992
137886
60708
79298
145790
25385
169198
11597
161088
-9865
67304
104394
91611
13854
125507
108683
54793
169037
136875
26665
-8594
72968
108163
149021
39197
76708
77331
179574
170848
105353
171907
161142
153450
105611
95736
88786
140745
150223
129030
67333
175525
117919
138465
50384
182896
40441
172639
173322
45591
71759
111080
41114
158683
159109
44735
61044
66996
107925
61598
127279
16123
140804
188620
94827
135004
29831
88632
30780
81973
38041
170819
62679
7219
65990
182510
155833
168369
38483
189676
48061
82359
61778
41874
149561
48041
24847
41668
68299
21432
42838
166357
92768
105175
172618
90336
186992
27408
153933
172051
153747
166204
61350
139130
91050
125819
73023
81865
130332
131550
93713
57259
189313
104569
181164
128300
179534
119189
112528
2951
31886
123842
162968
26998
88549
141845
106814
93012
176156
29021
134232
147418
37760
40001
103980
26720
25286
53725
64237
119554
42957
186773
33078
10890
30253
5933
167533
42821
41043
70709
122938
176152
114916
182088
144586
61350
78067
155530
-325
25620
100400
185236
38644
112314
160808
94005
114362
143473
27083
59937
91474
139275
57519
30634
56269
125228
89976
147787
122975
62230
188806
79429
112569
-2431
13536
99012
142537
88934
81539
34393
29564
136113
174863
106622
168812
184134
84693
36197
9701
7874
-3630
49974
175373
184446
136482
4110
80179
14728
131940
23234
110625
66230
147699
34229
163067
61757
181380
-4410
186321
10874
17486
23213
2684
97086
127988
84593
176495
72782
60420
79955
8156
186739
48770
175938
184392
16696
42254
119872
43435
68296
83862
66016
129333
67640
22400
180913
182460
48524
116773
189901
78
182299
95243
180982
49159
34517
109991
67114
138174
49182
166288
-3289
148078
154773
34933
40386
1038
93265
168742
16519
145258
130653
101350
81794
65896
15399
112797
173559
19005
126575
111024
147692
164127
159615
172500
129602
150590
146008
146048
149306
158323
-7949
70786
119521
93976
139440
44406
124713
164718
80968
152186
148720
180467
109014
84938
4853
55907
37638
102736
141296
158923
-1792
40805
105389
53140
173157
61798
35175
57455
126729
13184
76209
102138
20541
169160
164949
43753
184788
71660
115986
52643
104649
107427
8319
105905
113082
33161
182694
-3251
100880
42666
42093
172110
61482
63161
111272
43088
124117
184408
103697
137737
32353
174597
173442
44604
101039
168730
14358
83423
135805
21907
9098
27600
7987
8743
60084
76539
48017
2313
173108
116506
65762
10230
146077
56830
49795
19701
-7951
8484
19121
126035
91396
107450
110617
47473
181562
-4913
28601
129227
30646
96863
83910
64069
150183
88117
39055
30921
175071
186814
116038
65151
152545
110047
96417
150918
81588
186774
176021
73735
85435
102911
67334
83661
64786
80077
157613
-8971
51427
154617
71972
100485
116775
160951
126040
83671
74853
42816
10012
56696
96352
135136
89289
128192
94224
12329
150191
64046
159835
17067
103021
60337
-628
9464
6434
118787
130897
79054
180024
135206
118067
42342
-7347
28703
155830
-2400
78463
156759
151479
38430
176017
8023
139385
78078
29558
133304
74665
85425
142600
149307
150329
49486
177152
5301
94768
106544
28008
25017
64405
78796
31518
19542
114994
78902
128720
189480
44802
7072
27621
5417
66764
181537
81274
97160
14080
81038
182211
136313
2191
23166
-9621
140794
155631
66639
56138
40180
101179
57106
71000
119375
27538
48507
17045
13612
171649
54009
-2232
170314
139036
102201
181495
186410
183270
-231
4146
138058
47667
73579
159852
105072
117208
8832
98646
175257
83204
123124
139879
176379
24944
139884
45027
32291
114459
136104
53581
8937
33177
496
89502
61868
172485
73186
121148
40635
429
150832
159790
166613
69724
8739
183819
28297
125222
87221
83143
132050
170699
26465
-9766
67848
130495
166438
37524
150453
56265
1748
76522
55474
29691
32346
17938
166534
101260
166062
76765
82838
36905
143764
80149
9098
-2912
34030
18536
176925
169691
89050
172759
139960
172900
154707
164943
103485
65482
21885
9040
177391
98
70870
42397
72863
5892
18999
19744
148156
92113
54178
104102
117647
10566
104271
49197
103310
60515
97049
65995
167457
94920
112672
78526
138480
97370
121089
159571
166964
54491
185037
93835
104957
105890
-2549
13930
149196
130690
-1634
122536
149423
85747
43597
176505
139516
15784
118257
86983
186052
170367
-9072
73791
133658
74968
130615
165151
44332
153019
178778
64892
20053
38983
78201
158036
162477
95917
53141
178418
78614
97025
11501
109799
11366
164835
176479
179954
25637
84914
131154
46177
36314
129466
133075
88895
150501
33220
97557
25650
186929
157629
-783
129969
26691
69384
138442
77770
52563
169572
74377
73258
182809
47216
102874
34568
157465
87236
7649
42806
86825
163529
13182
75486
65729
136629
167723
5854
2817
3802
-5387
147085
108219
141862
154216
174908
-3199
83284
10185
170134
13495
122568
79850
29327
117408
36067
177306
39109
47055
76245
83767
81651
13509
45046
25380
118192
167133
58519
22647
109204
160006
-4314
103645
158620
53607
46057
189108
77369
2122
167128
10392
189729
90508
13123
41222
153526
185152
183258
118856
78588
158454
120613
70104
105702
178927
2034
36293
72205
132323
-3596
26192
30403
41427
181365
62409
65688
98529
60218
37248
13295
87181
106371
54454
139678
19040
87879
103477
20484
69430
143800
10883
172220
59619
68050
70627
53720
-3949
74047
14282
183176
90842
85084
185519
54987
104660
57289
24501
44743
183338
188690
40851
148218
166199
101019
118492
139580
85759
18448
109339
143172
39138
145788
58330
162785
62151
70043
51525
111467
68057
134217
147093
